time,x,y,z,phi,theta,psi,x_velocity,y_velocity,z_velocity,phi_velocity,theta_velocity,psi_velocity,rotor_speed1,rotor_speed2,rotor_speed3,rotor_speed4
0.06,-3.77481390957e-07,-9.02108400601e-08,10.0026916909,6.28297899228,0.000344899086598,0.0,-3.18709814537e-05,-1.22850804152e-05,0.0897194855744,-0.0113989828802,0.0152957484675,0.0,432.92666265190314,434.2114418844667,434.1607913777552,433.20358327857866
0.12000000000000001,-1.22011594564e-05,-7.10954900419e-06,10.0097250335,6.2824601984,0.00121813537863,0.0,-0.00044767199939,-0.000278551614668,0.144719298794,-0.00364297204205,0.0130275048732,0.0,422.3313743452051,422.1356296696098,422.2223032433272,422.8909054263744
0.18,-7.20018412913e-05,-4.24412951652e-05,10.0249340483,6.28206127762,0.00197755871166,0.0,-0.00163764825473,-0.000935047237527,0.362203432409,-0.0134641128995,0.0119056818416,0.0,472.7632756271532,472.6767152844425,473.15963424936444,472.40317390026684
0.23999999999999996,-0.000222339202922,-0.000129771810201,10.0537241704,6.28146398425,0.00260392065988,0.0,-0.00345541342182,-0.00206061964763,0.597373429778,-0.00372656759482,0.00733243077479,0.0,478.16238047820065,477.813785040975,477.7213180783081,478.46324567202555
0.3,-0.000485151190219,-0.000288560259776,10.0925893041,6.28213686042,0.00297055562379,0.0,-0.00534613773715,-0.00319901835157,0.698074350695,0.0310303114645,0.00354740706007,0.0,436.3593335518014,436.04319643705264,437.36977637154877,440.2545740829373
0.36000000000000004,-0.000872125488135,-0.000495674783884,10.1382953949,0.000728917941869,0.0041795849125,0.0,-0.00764080856019,-0.00351160968868,0.825378065365,0.0266480788883,0.041409310634,0.0,443.55380234239584,446.65197436336587,447.0686696897818,446.7117807919247
0.4200000000000001,-0.00144790578232,-0.000680525081387,10.1953730063,0.00233519428631,0.00694044323336,0.0,-0.0118789350661,-0.00245084106472,1.07700427275,0.027016494153,0.0539178591192,0.0,482.4192172621961,483.3637132349722,483.7682829136368,483.7961159272063
0.48000000000000015,-0.00233863992712,-0.00076533119644,10.2659580689,0.00394885824689,0.00995682802024,0.0,-0.0181765803699,-0.000187992809874,1.27562719763,0.0266491205134,0.0417531872773,0.0,469.57855469822607,468.6354914131062,467.5415082678381,467.5130137676839
0.5400000000000001,-0.00362671772831,-0.000696314897544,10.3437732804,0.00534935088078,0.012633912311,0.0,-0.0250016132843,0.00262946385155,1.3181615399,0.0157344959249,0.0498058158959,0.0,419.7029226014988,420.4024316163468,420.29206001926104,419.3452017624437
0.6000000000000002,-0.00545323446156,-0.000402000727111,10.4299426598,0.00604688931446,0.0157801597833,0.0,-0.0362534644939,0.00728156273473,1.55385519571,0.00178678515301,0.0572385385195,0.0,479.6495986801687,480.2152401397175,480.0707418306837,479.01123930133525
0.6600000000000003,-0.00791605724447,0.000141118282471,10.5230364839,0.00600804085977,0.0191398017134,0.0,-0.0461347743379,0.0108258086964,1.54927320856,-0.00602489852575,0.0533821485151,0.0,404.51568185961986,404.17075691875056,405.72781359483037,405.0259323995481
0.7200000000000003,-0.0111547293221,0.0009339144593,10.6221842276,0.006566755408,0.0221052847509,0.0,-0.0621799396043,0.0156228733026,1.75535027258,0.0294808021093,0.0400264160431,0.0,472.6001153822121,471.5710006417354,469.9593842468731,472.7031664329315
0.7800000000000004,-0.0153520447023,0.00201394711738,10.7305270344,0.00843596514326,0.0245958886836,0.0,-0.0779769321942,0.0205629513627,1.85591085381,0.0343043942596,0.044322748741,0.0,440.5806897222651,440.9366705958856,439.3609606192814,439.76101451324575
0.8400000000000004,-0.0206110506345,0.00345156767057,10.8473337226,0.0105789191312,0.0275907977113,0.0,-0.0976402067818,0.027594644605,2.03732846021,0.0383986152013,0.0592417337752,0.0,465.25948588371386,466.4274077983009,464.74011050363754,465.0613878640244
0.9000000000000005,-0.0270848983109,0.00534679437444,10.9736890083,0.0127385588595,0.0307109249539,0.0,-0.118513637229,0.0358170158528,2.17424928953,0.0306908337302,0.0307779938139,0.0,454.0536342305813,451.76603154165275,452.4978458981849,451.87751585823673
0.9600000000000005,-0.034787327674,0.00774506376642,11.1055233687,0.0148306404124,0.0326620319051,0.0,-0.138410214984,0.0443099039173,2.22013152299,0.0421302462236,0.0357894073369,0.0,424.00613175633976,424.43688525502506,423.67982434898266,424.66274782597316
1.0200000000000005,-0.0438987249505,0.0107761036436,11.2454229767,0.0172346927171,0.0355619127028,0.0,-0.165600663349,0.0570142924394,2.4427226714,0.0355864012505,0.065869097982,0.0,478.11315527287275,480.4004368796651,478.85776110248446,478.36042935428617
1.0800000000000005,-0.0544857226162,0.0145128377128,11.3922473983,0.0192551682409,0.0394384712523,0.0,-0.187645376524,0.0677269823117,2.45138711763,0.029547967716,0.061963914383,0.0,412.51239097879636,412.170824613078,414.1009800614825,413.5700164206143
1.1400000000000006,-0.0666107044104,0.0190005705939,11.5432334277,0.022164522089,0.0432774152078,0.0,-0.216911982134,0.0821228144808,2.58117060922,0.0716159001787,0.0677395537508,0.0,452.2053250166064,452.6732249419985,450.28335171474794,453.6748501651763
1.2000000000000006,-0.0804776965783,0.0243717763037,11.6997757764,0.0264112822276,0.0471993496526,0.0,-0.245697534541,0.097321573626,2.63674927743,0.0690523663364,0.0601386548563,0.0,430.1126515677956,429.4717490425243,429.12842887438154,428.9148022831019
1.2600000000000007,-0.0961073975714,0.0307144265438,11.8588384053,0.0301400182285,0.0505790698831,0.0,-0.275610769125,0.114462835764,2.66524074092,0.0424367428465,0.0473490772486,0.0,421.63351591194544,420.52944372327613,421.8022595468571,419.5003066283021
1.3200000000000007,-0.113484627264,0.0380846042812,12.0175040399,0.0326714243435,0.0534409717926,0.0,-0.303867443205,0.131417785675,2.623686187,0.0416923463338,0.0483877161865,0.0,397.251012527619,397.34791611485724,397.08898521164474,397.02188947580436
1.3800000000000008,-0.132762849521,0.0466103173125,12.1765993058,0.0350840626421,0.0560472558005,0.0,-0.338999662603,0.153002009409,2.67933034598,0.0370699950435,0.0310319176787,0.0,430.2623269151858,428.7915375675671,430.34616423766005,429.9556184181104
1.4400000000000008,-0.154294222855,0.0565387164515,12.3407670847,0.0376377535485,0.0576340868469,0.0,-0.378880783094,0.178184148669,2.79263029458,0.0517467472505,0.0151869657846,0.0,450.1397583610312,448.8558525925295,446.9313367003143,448.12689696360263
1.5000000000000009,-0.178216723136,0.0680137652105,12.5111751325,0.0409311209348,0.0585618143219,0.0,-0.418617707206,0.204631890731,2.88737522611,0.060529723507,0.0160068163122,0.0,443.6287491925172,443.6959637631302,442.65131193858866,443.3755067865543
1.560000000000001,-0.204479404642,0.0810999135031,12.6861779961,0.0447938809953,0.0595967405991,0.0,-0.456894688037,0.231925710515,2.94587274151,0.0711374601045,0.0196235257353,0.0,431.64254567031264,431.94759171186,432.4355828920888,433.33135388279896
1.620000000000001,-0.233378763683,0.0961436796681,12.8699966308,0.0496266384378,0.060931243165,0.0,-0.506536344762,0.27006331579,3.18073939445,0.0947192585338,0.0270215104079,0.0,486.1631446385516,486.7171117239065,485.5083511634736,487.2788652061082
1.680000000000001,-0.264963438759,0.113328985436,13.0625431386,0.0553737109656,0.0624798731426,0.0,-0.546431188609,0.303316500436,3.23726557688,0.0978327449321,0.0232716451597,0.0,433.4271185442157,433.11198768916506,433.77416498343763,434.04360725292537
1.740000000000001,-0.299177325971,0.13280593878,13.2617396583,0.0614468263968,0.0636289324549,0.0,-0.594149049489,0.34655284522,3.40207338293,0.107246712313,0.00927861530025,0.0,468.2456830754104,467.15575803303125,467.3077049390736,468.04922522672365
1.8000000000000012,-0.336131708656,0.154872357698,13.4685147169,0.0681603847278,0.0648635379419,0.0,-0.637746918446,0.389635300574,3.4900932899,0.119852669862,0.0368410146178,0.0,443.78275328427037,446.0394976165169,445.08932515094887,446.1308368598565
1.8600000000000012,-0.375787947463,0.179719760029,13.6813867017,0.0750429639417,0.0673513166006,0.0,-0.684354227264,0.439318579276,3.60518610671,0.101683899097,0.0493919235939,0.0,453.8814028616908,454.88847375607804,455.20498792107253,453.7599451465714
1.9200000000000013,-0.418455933442,0.207867112717,13.9034825883,0.0814144415858,0.0700861326994,0.0,-0.738204255768,0.499595231578,3.79727495084,0.113946150152,0.0365948388493,0.0,479.99888340998046,479.02772627731116,477.08939878090985,478.033709685559
1.9800000000000013,-0.464207384754,0.239536641201,14.134119453,0.0882326862845,0.0727418891221,0.0,-0.78707432682,0.556712438476,3.89019451268,0.113013254288,0.0563440514983,0.0,449.2258087774491,450.82552731722694,450.09986790339974,450.0356776321
2.0400000000000014,-0.51313267482,0.274992799562,14.3727807704,0.0948674027211,0.0761413144162,0.0,-0.844110667402,0.625853839328,4.06443008986,0.10520598356,0.0572756764511,0.0,475.63921693351443,475.7125261340428,475.93341762905794,475.3453715998576
2.1000000000000014,-0.565281627048,0.314398729678,14.6182676363,0.101057400852,0.0801729596404,0.0,-0.894536992446,0.688242939755,4.11813662782,0.0987434639144,0.0819495053881,0.0,437.91659280006155,439.9676786143638,441.63488346155384,441.11079484806226
2.1600000000000015,-0.62055329811,0.357681335065,14.8671211466,0.106570851378,0.0850299264273,0.0,-0.94830677927,0.755028251874,4.17661291205,0.0724265382427,0.0788716763275,0.0,443.11422185598366,442.866420187346,442.9055872537342,440.742529606468
2.2200000000000015,-0.679379344074,0.40535985809,15.1221439704,0.111287381671,0.0902543049136,0.0,-1.01306360678,0.834673931384,4.32342686264,0.0887472330734,0.0998120714191,0.0,469.2895731812251,470.91797122804945,470.23631937360676,471.50347294795654
2.2800000000000016,-0.742015969389,0.457682731228,15.3838203235,0.117205351565,0.0960493523479,0.0,-1.07538046981,0.90992579318,4.39863354649,0.113348054041,0.089194133228,0.0,450.88786540189517,450.0369345054739,448.59507471597186,450.59643348578203
2.3400000000000016,-0.808394589681,0.514504432388,15.6488382465,0.123985783762,0.101199616564,0.0,-1.13771696942,0.984720424134,4.43494795275,0.112317276614,0.078105191176,0.0,438.7532024806205,437.83762654457087,439.1396484973696,439.0656522262025
2.4000000000000017,-0.879010368243,0.576427167295,15.9198862741,0.131411514986,0.105815071214,0.0,-1.21659642712,1.08005695091,4.59906966756,0.14016925726,0.0744526016256,0.0,478.76906021492454,478.49526848758296,478.1578335511741,480.28737589784873
2.4600000000000017,-0.953897190553,0.64353678296,16.195483108,0.139819478117,0.110693119964,0.0,-1.28004181978,1.15762823763,4.58729705872,0.140059626581,0.0923272447564,0.0,424.0331229662871,425.57165060851383,426.53374445184994,426.5435308861852
2.520000000000002,-1.0332048335,0.716100187522,16.4749609371,0.147840694831,0.116571438787,0.0,-1.36410048718,1.26192173701,4.72771448707,0.116224452182,0.107368421209,0.0,473.99605293106924,475.15815300440596,474.82534304886997,473.0079830662651
2.580000000000002,-1.11682975884,0.79400406848,16.7556175327,0.154963409073,0.123382615773,0.0,-1.4239315744,1.33540954254,4.62767327171,0.123268732491,0.12361300041,0.0,397.33965805663775,398.8393146067536,396.8032598967441,397.4639823099621
2.640000000000002,-1.20504264711,0.877525231174,17.037267299,0.161897119047,0.13141295087,0.0,-1.5172568662,1.44925691561,4.75969973963,0.0920400035212,0.148930890949,0.0,472.714992358234,474.67703882116604,474.35264960116905,471.95870996562144
2.700000000000002,-1.29853173815,0.967398094599,17.3230528929,0.167630880613,0.140868379023,0.0,-1.59985467777,1.5469327561,4.7660987815,0.101808020778,0.170876984134,0.0,434.2433878271251,436.10441225124833,436.17653688320047,436.9995683789676
2.760000000000002,-1.39714380767,1.06321592488,17.6091128381,0.173600999547,0.151281216813,0.0,-1.68811362435,1.64744648856,4.76880949722,0.0944416033773,0.178407984841,0.0,435.94678025081544,436.60519792300016,435.18111085516995,434.5727146757338
2.820000000000002,-1.50142285186,1.16536281765,17.8964410798,0.179088414833,0.161671693111,0.0,-1.78880450278,1.75784918148,4.808167022,0.0847016747248,0.159858236433,0.0,448.7460401853646,447.26580846684345,449.30574316317376,448.5221838414306
2.880000000000002,-1.61217347831,1.27447674244,18.1874685863,0.18389033455,0.171341878507,0.0,-1.90377112372,1.87960633229,4.89188974636,0.0685161254564,0.163668411975,0.0,463.3517340919467,463.67473311853075,464.7865385086855,463.52087727614713
2.940000000000002,-1.7295335199,1.39046148214,18.4807092163,0.187826437476,0.180908852227,0.0,-2.00906170595,1.98679937953,4.88239379979,0.0590253794808,0.149305416579,0.0,436.5133236014869,435.33742401950093,435.8506626027741,435.0598580583133
3.000000000000002,-1.85394638288,1.51350496772,18.7763431364,0.191643478466,0.190115731246,0.0,-2.13885651535,2.11481889719,4.97114963227,0.0715005068041,0.160650862671,0.0,467.513491423223,468.41759211144796,467.7693309078583,468.74263737299015
3.0600000000000023,-1.98587490253,1.64383168912,19.0748741982,0.196055808096,0.200475035178,0.0,-2.25962598997,2.22965083422,4.97931145222,0.0773300865659,0.189635163826,0.0,443.4596722457477,445.86236983176616,443.96709621855746,444.44942937117867
3.1200000000000023,-2.12551086602,1.78136350747,19.3750960839,0.201436977609,0.211739703015,0.0,-2.39589950531,2.35502201193,5.02720744173,0.107032731532,0.183673121681,0.0,458.90227222499306,458.461718615508,457.3497533208421,459.71591570534656
3.1800000000000024,-2.27259039888,1.92562146084,19.6738113665,0.207566403724,0.222751619853,0.0,-2.50762795996,2.45398190148,4.92983603911,0.0899964833891,0.18324853456,0.0,411.59248356514644,411.5904748058243,412.6013420234882,411.1040230220918
3.2400000000000024,-2.42754760902,2.07679536432,19.9709211567,0.212959373517,0.233481930093,0.0,-2.65854526731,2.58542457944,4.9728885058,0.0896547106163,0.16812832878,0.0,460.303824504669,459.13503245704965,459.2175110587224,459.19686170478855
3.3000000000000025,-2.59123085084,2.23545838585,20.2683406795,0.218852281328,0.243906491899,0.0,-2.79840827534,2.70365703306,4.94055087707,0.111388479586,0.183091213113,0.0,436.13614147184023,437.4136909908995,435.69563132678445,437.5175345079589
3.3600000000000025,-2.76411906759,2.40184126991,20.5661840198,0.226675097733,0.254744651635,0.0,-2.96544319291,2.84286332164,4.98644751488,0.153533456394,0.175216783582,0.0,464.9209926200304,464.3334526355238,461.2330059342831,464.56390065532463
3.4200000000000026,-2.94650562907,2.57606939471,20.8639386542,0.236070994567,0.265422784752,0.0,-3.1149564251,2.96531897823,4.93805488167,0.162107815685,0.182965070064,0.0,434.8427426191549,435.5226878206605,434.5758270158015,435.31782971023745
3.4800000000000026,-3.13912058681,2.75869554712,21.1624996152,0.246006215965,0.276233368743,0.0,-3.3064185577,3.12281868531,5.01247954115,0.171760178239,0.173927491342,0.0,477.31968688390697,476.65824195821983,476.49545307691926,477.25696306779616
3.5400000000000027,-3.34466584711,2.95198554404,21.4695320702,0.255986114726,0.287160346988,0.0,-3.54591528643,3.32076786472,5.21947444507,0.152353946417,0.194831435361,0.0,518.4820326584378,519.9753170037264,521.6625143785606,520.3271465517687
3.6000000000000028,-3.56238162027,3.15522448458,21.780772998,0.265027815714,0.299564357673,0.0,-3.71220327561,3.4543364216,5.15444089797,0.147156367068,0.223605084061,0.0,438.4913329684888,440.91724949874265,439.28643672006933,438.8767771984723
3.660000000000003,-3.78989988145,3.36625638083,22.0868035289,0.274341380722,0.312898004459,0.0,-3.87273790677,3.58051101198,5.04598318077,0.167797413792,0.219324903114,0.0,425.6348700719482,425.319653963145,425.66922883574136,427.4559036741754
3.720000000000003,-4.02831969693,3.58584654297,22.3893496513,0.284548197038,0.327397707924,0.0,-4.0756278236,3.73961101331,5.03746326531,0.174378799067,0.267183968267,0.0,460.90941050553795,464.73007239115975,461.14152454854644,461.68775927359104
3.780000000000003,-4.27808566568,3.81420670192,22.6881489938,0.295796997294,0.343499195782,0.0,-4.25104113307,3.87288568869,4.92166978269,0.205551971446,0.270603745548,0.0,428.1122759602129,428.478838826124,426.8869129298851,429.5739612219143
3.840000000000003,-4.53945192873,4.0513568971,22.9820626536,0.307904181481,0.359791769179,0.0,-4.46230381843,4.03263477689,4.87394822883,0.192945130184,0.273353880913,0.0,453.5966824354785,453.89033240287046,455.8638579865507,454.89382094078076
3.900000000000003,-4.81453322524,4.29883943476,23.2748416109,0.319164880657,0.375950772425,0.0,-4.70817790014,4.21713721573,4.88331529666,0.174252420011,0.25971262272,0.0,477.8185653243278,476.8447708743399,478.1686367062789,476.77342300254037
3.960000000000003,-5.10396712631,4.55696615035,23.5663063664,0.330522941325,0.391496470553,0.0,-4.94062876557,4.3873905376,4.83054823175,0.209189883946,0.257832996969,0.0,460.793844517202,460.7101195462485,459.5941017526874,462.38783584197995
4.020000000000002,-5.40774848413,4.82553367352,23.8547226597,0.342899002615,0.407096460037,0.0,-5.18636560634,4.56521129908,4.78148765947,0.199680818285,0.26400670568,0.0,465.3887107830126,465.9363812673507,466.9110990377083,466.2079740816177
4.080000000000001,-5.72631652599,5.10471803559,24.1394998968,0.355077056585,0.422688070093,0.0,-5.43349403494,4.74119735071,4.7093151938,0.208832642232,0.249938639505,0.0,463.0474723245456,462.00397739723985,461.8440033112387,462.604033104625
4.14,-6.06101940215,5.39538476547,24.4219176153,0.367953223418,0.437870388704,0.0,-5.724023658,4.94786775949,4.7021452533,0.224165436961,0.25860090519,0.0,488.96299073667143,489.6657662038919,488.37262433934853,489.5558230412207
4.199999999999998,-6.41140010731,5.6970242919,24.6996367429,0.381433728606,0.45322854987,0.0,-5.95618668758,5.10708077243,4.55374219671,0.225673510936,0.250119121888,0.0,444.98912504202013,444.3597774875757,444.34252672716735,444.51625214695986
4.259999999999997,-6.7759272248,6.00831032558,24.968255325,0.394961400087,0.468203714663,0.0,-6.19550307834,5.26936124791,4.39874891858,0.225033961743,0.24850046509,0.0,445.528508379434,445.45839298647064,445.919772554072,445.9177729833882
4.319999999999996,-7.15465982721,6.32914213897,25.2267158232,0.408854583329,0.483238802268,0.0,-6.42968973102,5.42524597509,4.2152723698,0.242132481556,0.254449974812,0.0,438.06970466638836,438.62816753676793,437.9336998432636,439.4078134484429
4.379999999999995,-7.54813639932,6.65977694259,25.474827023,0.423080520639,0.498335591305,0.0,-6.6868733913,5.59604420433,4.05340500856,0.224450083869,0.245246881791,0.0,451.3344482583414,450.65324263531244,450.92348261374985,449.547247647373
4.439999999999993,-7.95786660128,7.00119656189,25.7140334887,0.436346640886,0.513258669447,0.0,-6.97134302718,5.78453368752,3.91812523963,0.213402584181,0.254874154784,0.0,464.6281974424223,465.4414450519269,465.86572877695477,465.0467044075569
4.499999999999992,-8.38511561268,7.354156474,25.9452594633,0.448792708499,0.528890367319,0.0,-7.27077607326,5.98053761405,3.78720263348,0.191540769331,0.269926231518,0.0,471.21313538268333,472.4393066261254,473.2873382398796,471.640227978237
4.559999999999991,-8.82678623798,7.7161132544,26.1626132845,0.460335782091,0.544713039264,0.0,-7.4525050063,6.08477102015,3.45759695955,0.19401829614,0.246895695592,0.0,395.69120392159925,393.6433678657812,394.80119759798544,395.0709666327126
4.6199999999999894,-9.28314432331,8.08697386437,26.365408613,0.472453232224,0.559142884964,0.0,-7.75977904189,6.27681427921,3.30013295971,0.21436351534,0.222958424797,0.0,470.2362518430783,468.4314155361168,468.9036469492239,470.519177546246
4.679999999999988,-9.75625096839,8.46800107064,26.5558584969,0.485042080787,0.572487530138,0.0,-8.01094535903,6.42390426485,3.04695328514,0.198685644858,0.22129443546,0.0,435.5116341649595,435.4225191491012,436.4814412151442,435.21460226292027
4.739999999999987,-10.2449014952,8.85807796251,26.7313777112,0.497252810457,0.585853873155,0.0,-8.27781462,6.57831581701,2.80228205581,0.211731872585,0.225570503894,0.0,441.9753769746429,442.3772348677778,443.2057260905023,444.3176085865512
4.799999999999986,-10.7485265729,9.25654522649,26.890458548,0.510142028777,0.599577497091,0.0,-8.51023655625,6.70369764138,2.49946008407,0.220365496993,0.234381748426,0.0,420.93610026558054,421.7532499067497,420.7038105581562,421.49926183383667
4.859999999999984,-11.270263319,9.66538069039,27.0363183547,0.523765001774,0.613273882798,0.0,-8.88076577091,6.92327375919,2.35967124267,0.237848236388,0.211856426407,0.0,495.4623683832162,493.84839811175,493.33924552007124,494.67404101538216
4.919999999999983,-11.8102253493,10.0844087808,27.1683869671,0.538713178934,0.625991047855,0.0,-9.11836514545,7.04404818957,2.04157884017,0.265364175578,0.212144363277,0.0,424.5600514631652,424.6313537070317,423.7723077725674,426.19615196602336
4.979999999999982,-12.3691235403,10.5138926282,27.2865858668,0.55465844803,0.63818751954,0.0,-9.51095809378,7.27110805782,1.89523285547,0.266522175902,0.17244634188,0.0,505.56682594911376,502.7310832256817,503.0995758347736,503.24560475377376
5.0399999999999805,-12.9487911194,10.9549203751,27.3923623348,0.570834960378,0.648743530275,0.0,-9.81113000161,7.42922760546,1.62884978249,0.275147949594,0.182118732405,0.0,460.01403073397665,460.8081854136515,460.5303397522578,461.2827908209863
